<?xml version="1.0" encoding="utf-8"?>
<COLLADA xmlns="http://www.collada.org/2005/11/COLLADASchema" version="1.4.1">
  <asset>
    <contributor>
      <author>Mixamo</author>
      <authoring_tool>COLLADA Mixamo exporter</authoring_tool>
      <comments/>
    </contributor>
    <created>2022-12-23T20:55:52Z</created>
    <modified>2022-12-23T20:55:52Z</modified>
    <revision/>
    <title/>
    <unit meter="0.010000"/>
    <up_axis>Y_UP</up_axis>
  </asset>
  <library_animations>
    <animation id="mixamorig_Hips-anim" name="mixamorig_Hips">
      <source id="mixamorig_Hips-Matrix-animation-input">
        <float_array id="mixamorig_Hips-Matrix-animation-input-array" count="30">

0.000000 0.033333 0.066667 0.100000 0.133333 0.166667 0.200000 0.233333 0.266667 0.300000 0.333333 0.366667 0.400000 0.433333 0.466667 0.500000
0.533333 0.566667 0.600000 0.633333 0.666667 0.700000 0.733333 0.766667 0.800000 0.833333 0.866667 0.900000 0.933333 0.966667</float_array>
        <technique_common>
          <accessor source="#mixamorig_Hips-Matrix-animation-input-array" count="30">
            <param name="TIME" type="float"/>
          </accessor>
        </technique_common>
      </source>
      <source id="mixamorig_Hips-Matrix-animation-output-transform">
        <float_array id="mixamorig_Hips-Matrix-animation-output-transform-array" count="480">

0.981245 0.082157 0.174380 0.613789 -0.081991 0.996600 -0.008167 101.679657 -0.174458 -0.006284 0.984644 1.326078 0.000000 0.000000 0.000000 1.000000
0.987063 0.064830 0.146643 0.821461 -0.062303 0.997820 -0.021766 101.966217 -0.147734 0.012348 0.988950 6.750389 0.000000 0.000000 0.000000 1.000000
0.993492 0.044125 0.105008 1.075748 -0.040424 0.998493 -0.037116 101.738258 -0.106488 0.032629 0.993778 12.188242 0.000000 0.000000 0.000000 1.000000
0.998213 0.018554 0.056809 1.357866 -0.015683 0.998597 -0.050575 101.225281 -0.057667 0.049593 0.997103 17.720942 0.000000 0.000000 0.000000 1.000000
0.999945 -0.000688 0.010457 1.625078 0.001286 0.998356 -0.057301 100.570030 -0.010400 0.057311 0.998302 23.456812 0.000000 0.000000 0.000000 1.000000
0.999592 -0.004196 -0.028269 1.872859 0.002609 0.998431 -0.055927 99.780907 0.028460 0.055831 0.998035 29.464838 0.000000 0.000000 0.000000 1.000000
0.998190 -0.002621 -0.060075 2.260283 -0.000652 0.998519 -0.054403 98.603111 0.060129 0.054344 0.996710 35.766331 0.000000 0.000000 0.000000 1.000000
0.996908 -0.009186 -0.078034 2.613158 0.004914 0.998487 -0.054764 97.587631 0.078419 0.054211 0.995445 41.871181 0.000000 0.000000 0.000000 1.000000
0.996540 -0.029432 -0.077723 3.016107 0.025691 0.998483 -0.048690 97.762032 0.079038 0.046525 0.995785 47.929436 0.000000 0.000000 0.000000 1.000000
0.996219 -0.043781 -0.075033 3.463192 0.041256 0.998540 -0.034878 98.075806 0.076451 0.031650 0.996571 54.365929 0.000000 0.000000 0.000000 1.000000
0.995372 -0.064466 -0.071262 4.054431 0.062789 0.997700 -0.025531 98.518356 0.072744 0.020938 0.997131 60.620384 0.000000 0.000000 0.000000 1.000000
0.994754 -0.084374 -0.057848 4.703666 0.083501 0.996357 -0.017349 99.245491 0.059101 0.012428 0.998175 66.490242 0.000000 0.000000 0.000000 1.000000
0.993109 -0.105962 -0.050072 5.126117 0.105493 0.994349 -0.011925 99.905304 0.051053 0.006561 0.998674 71.755394 0.000000 0.000000 0.000000 1.000000
0.992017 -0.113021 -0.055928 5.253178 0.112635 0.993586 -0.010015 100.719254 0.056701 0.003635 0.998385 76.808998 0.000000 0.000000 0.000000 1.000000
0.991915 -0.112979 -0.057799 5.255585 0.112529 0.993588 -0.011002 101.424324 0.058672 0.004409 0.998268 81.863632 0.000000 0.000000 0.000000 1.000000
0.993752 -0.103266 -0.042340 5.108380 0.102576 0.994559 -0.018180 101.766411 0.043987 0.013723 0.998938 87.030533 0.000000 0.000000 0.000000 1.000000
0.996067 -0.086600 -0.018758 4.864790 0.086075 0.995917 -0.027205 101.939407 0.021038 0.025483 0.999454 92.261482 0.000000 0.000000 0.000000 1.000000
0.998174 -0.058439 0.015289 4.481280 0.058909 0.997739 -0.032357 101.935371 -0.013364 0.033198 0.999359 97.627480 0.000000 0.000000 0.000000 1.000000
0.998213 -0.036632 0.047217 4.121149 0.038164 0.998760 -0.031963 101.545952 -0.045988 0.033708 0.998373 103.161003 0.000000 0.000000 0.000000 1.000000
0.996179 -0.030508 0.081835 3.752548 0.032871 0.999076 -0.027684 100.301537 -0.080915 0.030268 0.996261 109.020111 0.000000 0.000000 0.000000 1.000000
0.992949 -0.027166 0.115388 3.385473 0.029941 0.999301 -0.022382 98.946693 -0.114699 0.025679 0.993068 114.932556 0.000000 0.000000 0.000000 1.000000
0.989757 -0.020981 0.141209 3.034498 0.023492 0.999594 -0.016136 97.894691 -0.140814 0.019288 0.989848 120.786041 0.000000 0.000000 0.000000 1.000000
0.988786 -0.008109 0.149118 2.660072 0.009669 0.999906 -0.009736 97.678993 -0.149025 0.011069 0.988771 126.664825 0.000000 0.000000 0.000000 1.000000
0.988396 0.003873 0.151847 2.180923 -0.003209 0.999984 -0.004616 97.944138 -0.151862 0.004075 0.988393 132.664062 0.000000 0.000000 0.000000 1.000000
0.988053 0.021590 0.152594 1.628930 -0.021732 0.999764 -0.000738 98.237732 -0.152574 -0.002587 0.988289 138.697983 0.000000 0.000000 0.000000 1.000000
0.988348 0.039640 0.146956 1.069661 -0.039725 0.999208 -0.002353 98.602097 -0.146933 -0.003512 0.989140 144.451401 0.000000 0.000000 0.000000 1.000000
0.987660 0.062036 0.143803 0.679035 -0.061608 0.998073 -0.007433 99.137878 -0.143987 -0.001518 0.989578 149.490601 0.000000 0.000000 0.000000 1.000000
0.984993 0.083094 0.151278 0.499122 -0.082230 0.996542 -0.011967 100.158394 -0.151749 -0.000653 0.988419 154.150024 0.000000 0.000000 0.000000 1.000000
0.981212 0.089981 0.170663 0.488322 -0.089291 0.995937 -0.011729 101.074097 -0.171025 -0.003730 0.985260 158.703232 0.000000 0.000000 0.000000 1.000000
0.981245 0.082157 0.174380 0.613791 -0.081991 0.996600 -0.008167 101.679665 -0.174458 -0.006284 0.984644 163.358490 0.000000 0.000000 0.000000 1.000000</float_array>
        <technique_common>
          <accessor source="#mixamorig_Hips-Matrix-animation-output-transform-array" count="30" stride="16">
            <param type="float4x4"/>
          </accessor>
        </technique_common>
      </source>
      <source id="mixamorig_Hips-Interpolations">
        <Name_array id="mixamorig_Hips-Interpolations-array" count="30">
 LINEAR LINEAR LINEAR LINEAR LINEAR LINEAR LINEAR LINEAR LINEAR LINEAR LINEAR
LINEAR LINEAR LINEAR LINEAR LINEAR LINEAR LINEAR LINEAR LINEAR LINEAR LINEAR LINEAR
LINEAR LINEAR LINEAR LINEAR LINEAR LINEAR LINEAR</Name_array>
        <technique_common>
          <accessor source="#mixamorig_Hips-Interpolations-array" count="30">
            <param type="name"/>
          </accessor>
        </technique_common>
      </source>
      <sampler id="mixamorig_Hips-Matrix-animation-transform">
        <input semantic="INPUT" source="#mixamorig_Hips-Matrix-animation-input"/>
        <input semantic="OUTPUT" source="#mixamorig_Hips-Matrix-animation-output-transform"/>
        <input semantic="INTERPOLATION" source="#mixamorig_Hips-Interpolations"/>
      </sampler>
      <channel source="#mixamorig_Hips-Matrix-animation-transform" target="mixamorig_Hips/matrix"/>
    </animation>
    <animation id="mixamorig_Spine-anim" name="mixamorig_Spine">
      <source id="mixamorig_Spine-Matrix-animation-input">
        <float_array id="mixamorig_Spine-Matrix-animation-input-array" count="30">

0.000000 0.033333 0.066667 0.100000 0.133333 0.166667 0.200000 0.233333 0.266667 0.300000 0.333333 0.366667 0.400000 0.433333 0.466667 0.500000
0.533333 0.566667 0.600000 0.633333 0.666667 0.700000 0.733333 0.766667 0.800000 0.833333 0.866667 0.900000 0.933333 0.966667</float_array>
        <technique_common>
          <accessor source="#mixamorig_Spine-Matrix-animation-input-array" count="30">
            <param name="TIME" type="float"/>
          </accessor>
        </technique_common>
      </source>
      <source id="mixamorig_Spine-Matrix-animation-output-transform">
        <float_array id="mixamorig_Spine-Matrix-animation-output-transform-array" count="480">

0.998091 -0.057609 -0.022266 0.000000 0.059786 0.991647 0.114286 10.182400 0.015497 -0.115399 0.993198 -0.000000 0.000000 0.000000 0.000000 1.000000
0.998730 -0.048957 -0.011875 0.000000 0.050037 0.991362 0.121238 10.182400 0.005837 -0.121678 0.992552 0.000000 0.000000 0.000000 0.000000 1.000000
0.999278 -0.037987 -0.000555 0.000000 0.037738 0.990841 0.129653 10.182400 -0.004375 -0.129581 0.991559 0.000000 0.000000 0.000000 0.000000 1.000000
0.999556 -0.028650 0.008233 0.000000 0.027265 0.990327 0.136045 10.182400 -0.012051 -0.135760 0.990669 0.000000 0.000000 0.000000 0.000000 1.000000
0.999511 -0.027144 0.015541 0.000000 0.024687 0.989714 0.140911 10.182400 -0.019206 -0.140459 0.989900 0.000000 0.000000 0.000000 0.000000 1.000000
0.998903 -0.040506 0.023475 0.000000 0.036649 0.988563 0.146288 10.182400 -0.029132 -0.145267 0.988963 -0.000000 0.000000 0.000000 0.000000 1.000000
0.997787 -0.057996 0.032516 0.000000 0.052121 0.985893 0.159055 10.182400 -0.041282 -0.157008 0.986734 -0.000000 0.000000 0.000000 0.000000 1.000000
0.997965 -0.053842 0.034152 0.000000 0.047749 0.986076 0.159295 10.182400 -0.042254 -0.157340 0.986640 0.000000 0.000000 0.000000 0.000000 1.000000
0.999185 -0.027749 0.029311 0.000000 0.022986 0.988130 0.151893 10.182400 -0.033178 -0.151095 0.987962 -0.000000 0.000000 0.000000 0.000000 1.000000
0.999591 -0.010629 0.026567 0.000000 0.006689 0.989524 0.144217 10.182400 -0.027821 -0.143980 0.989189 0.000000 0.000000 0.000000 0.000000 1.000000
0.999718 0.001917 0.023668 0.000000 -0.005021 0.991261 0.131822 10.182400 -0.023208 -0.131904 0.990991 -0.000000 0.000000 0.000000 0.000000 1.000000
0.999808 0.010655 0.016462 0.000000 -0.012522 0.992956 0.117816 10.182400 -0.015091 -0.118000 0.992899 0.000000 0.000000 0.000000 0.000000 1.000000
0.999705 0.020339 0.013280 0.000000 -0.021629 0.994181 0.105525 10.182400 -0.011056 -0.105781 0.994328 0.000000 0.000000 0.000000 0.000000 1.000000
0.999721 0.020673 0.011399 -0.000000 -0.021665 0.995223 0.095198 10.182400 -0.009377 -0.095419 0.995393 -0.000000 0.000000 0.000000 0.000000 1.000000
0.999804 0.018065 0.008043 0.000000 -0.018712 0.995828 0.089312 10.182400 -0.006396 -0.089445 0.995971 0.000000 0.000000 0.000000 0.000000 1.000000
0.999907 0.013636 -0.000235 0.000000 -0.013554 0.995481 0.093994 10.182400 0.001515 -0.093982 0.995573 0.000000 0.000000 0.000000 0.000000 1.000000
0.999922 0.007051 -0.010281 0.000000 -0.005956 0.994673 0.102904 10.182400 0.010952 -0.102835 0.994638 -0.000000 0.000000 0.000000 0.000000 1.000000
0.999785 -0.005442 -0.020010 0.000000 0.007670 0.993566 0.112992 10.182400 0.019267 -0.113121 0.993394 -0.000000 0.000000 0.000000 0.000000 1.000000
0.999584 -0.008680 -0.027514 0.000000 0.011957 0.992546 0.121285 10.182400 0.026256 -0.121564 0.992236 0.000000 0.000000 0.000000 0.000000 1.000000
0.999271 0.006728 -0.037589 -0.000000 -0.001776 0.991480 0.130249 10.182400 0.038145 -0.130087 0.990768 0.000000 0.000000 0.000000 0.000000 1.000000
0.998651 0.022648 -0.046723 -0.000000 -0.016021 0.990354 0.137631 10.182400 0.049389 -0.136696 0.989381 -0.000000 0.000000 0.000000 0.000000 1.000000
0.998508 0.021806 -0.050058 0.000000 -0.014874 0.990749 0.134891 10.182400 0.052536 -0.133945 0.989595 0.000000 0.000000 0.000000 0.000000 1.000000
0.998887 0.004265 -0.046969 -0.000000 0.001937 0.991354 0.131204 10.182400 0.047123 -0.131149 0.990242 0.000000 0.000000 0.000000 0.000000 1.000000
0.998948 -0.010855 -0.044544 0.000000 0.016600 0.991283 0.130703 10.182400 0.042736 -0.131305 0.990420 0.000000 0.000000 0.000000 0.000000 1.000000
0.998828 -0.023051 -0.042554 -0.000000 0.028329 0.991379 0.127923 10.182400 0.039239 -0.128978 0.990871 -0.000000 0.000000 0.000000 0.000000 1.000000
0.998610 -0.036317 -0.038205 0.000000 0.040846 0.991268 0.125378 10.182400 0.033318 -0.126765 0.991373 0.000000 0.000000 0.000000 0.000000 1.000000
0.998201 -0.049342 -0.034055 0.000000 0.053219 0.990811 0.124345 10.182400 0.027606 -0.125934 0.991654 0.000000 0.000000 0.000000 0.000000 1.000000
0.997805 -0.057690 -0.032508 0.000000 0.061371 0.990029 0.126795 10.182400 0.024869 -0.128512 0.991396 0.000000 0.000000 0.000000 0.000000 1.000000
0.997765 -0.060017 -0.029366 0.000000 0.063130 0.990751 0.120116 10.182400 0.021885 -0.121701 0.992325 0.000000 0.000000 0.000000 0.000000 1.000000
0.998091 -0.057609 -0.022266 0.000000 0.059786 0.991647 0.114286 10.182400 0.015497 -0.115399 0.993198 0.000000 0.000000 0.000000 0.000000 1.000000</float_array>
        <technique_common>
          <accessor source="#mixamorig_Spine-Matrix-animation-output-transform-array" count="30" stride="16">
            <param type="float4x4"/>
          </accessor>
        </technique_common>
      </source>
      <source id="mixamorig_Spine-Interpolations">
        <Name_array id="mixamorig_Spine-Interpolations-array" count="30">
 LINEAR LINEAR LINEAR LINEAR LINEAR LINEAR LINEAR LINEAR LINEAR LINEAR LINEAR
LINEAR LINEAR LINEAR LINEAR LINEAR LINEAR LINEAR LINEAR LINEAR LINEAR LINEAR LINEAR
LINEAR LINEAR LINEAR LINEAR LINEAR LINEAR LINEAR</Name_array>
        <technique_common>
          <accessor source="#mixamorig_Spine-Interpolations-array" count="30">
            <param type="name"/>
          </accessor>
        </technique_common>
      </source>
      <sampler id="mixamorig_Spine-Matrix-animation-transform">
        <input semantic="INPUT" source="#mixamorig_Spine-Matrix-animation-input"/>
        <input semantic="OUTPUT" source="#mixamorig_Spine-Matrix-animation-output-transform"/>
        <input semantic="INTERPOLATION" source="#mixamorig_Spine-Interpolations"/>
      </sampler>
      <channel source="#mixamorig_Spine-Matrix-animation-transform" target="mixamorig_Spine/matrix"/>
    </animation>
    <animation id="mixamorig_Spine1-anim" name="mixamorig_Spine1">
      <source id="mixamorig_Spine1-Matrix-animation-input">
        <float_array id="mixamorig_Spine1-Matrix-animation-input-array" count="30">

0.000000 0.033333 0.066667 0.100000 0.133333 0.166667 0.200000 0.233333 0.266667 0.300000 0.333333 0.366667 0.400000 0.433333 0.466667 0.500000
0.533333 0.566667 0.600000 0.633333 0.666667 0.700000 0.733333 0.766667 0.800000 0.833333 0.866667 0.900000 0.933333 0.966667</float_array>
        <technique_common>
          <accessor source="#mixamorig_Spine1-Matrix-animation-input-array" count="30">
            <param name="TIME" type="float"/>
          </accessor>
        </technique_common>
      </source>
      <source id="mixamorig_Spine1-Matrix-animation-output-transform">
        <float_array id="mixamorig_Spine1-Matrix-animation-output-transform-array" count="480">

0.999100 -0.008746 -0.041497 0.000000 0.007555 0.999558 -0.028764 10.002700 0.041730 0.028424 0.998725 -0.000000 0.000000 0.000000 0.000000 1.000000
0.999750 -0.001703 -0.022306 0.000000 0.001190 0.999735 -0.023007 10.002700 0.022339 0.022975 0.999486 0.000000 0.000000 0.000000 0.000000 1.000000
0.999999 0.000371 -0.001193 0.000000 -0.000396 0.999784 -0.020756 10.002700 0.001185 0.020756 0.999784 -0.000000 0.000000 0.000000 0.000000 1.000000
0.999857 0.007120 0.015307 -0.000000 -0.006831 0.999798 -0.018892 10.002700 -0.015438 0.018784 0.999704 0.000000 0.000000 0.000000 0.000000 1.000000
0.999494 0.012473 0.029272 0.000000 -0.011804 0.999667 -0.022937 10.002700 -0.029548 0.022579 0.999308 0.000000 0.000000 0.000000 0.000000 1.000000
0.999107 0.018278 0.038081 0.000000 -0.017109 0.999379 -0.030806 10.002700 -0.038620 0.030127 0.998800 0.000000 0.000000 0.000000 0.000000 1.000000
0.998713 0.024056 0.044646 0.000000 -0.022316 0.998987 -0.039066 10.002700 -0.045540 0.038020 0.998239 0.000000 0.000000 0.000000 0.000000 1.000000
0.998458 0.023437 0.050318 0.000000 -0.021576 0.999074 -0.037213 10.002700 -0.051143 0.036070 0.998040 0.000000 0.000000 0.000000 0.000000 1.000000
0.998472 0.019088 0.051857 0.000000 -0.017502 0.999370 -0.030880 10.002700 -0.052414 0.029925 0.998177 0.000000 0.000000 0.000000 0.000000 1.000000
0.998580 0.017146 0.050431 0.000000 -0.015868 0.999546 -0.025623 10.002700 -0.050848 0.024787 0.998399 0.000000 0.000000 0.000000 0.000000 1.000000
0.998739 0.021185 0.045509 -0.000000 -0.020328 0.999609 -0.019196 10.002700 -0.045897 0.018247 0.998779 0.000000 0.000000 0.000000 0.000000 1.000000
0.999013 0.025813 0.036157 0.000000 -0.025148 0.999508 -0.018746 10.002700 -0.036623 0.017818 0.999170 0.000000 0.000000 0.000000 0.000000 1.000000
0.999132 0.030544 0.028334 0.000000 -0.029912 0.999300 -0.022483 10.002700 -0.029001 0.021616 0.999346 0.000000 0.000000 0.000000 0.000000 1.000000
0.999238 0.031607 0.022895 0.000000 -0.031047 0.999219 -0.024450 10.002700 -0.023649 0.023720 0.999439 0.000000 0.000000 0.000000 0.000000 1.000000
0.999411 0.030926 0.014873 0.000000 -0.030540 0.999208 -0.025523 10.002700 -0.015651 0.025053 0.999564 -0.000000 0.000000 0.000000 0.000000 1.000000
0.999615 0.027703 -0.001462 0.000000 -0.027731 0.999305 -0.024906 10.002700 0.000771 0.024937 0.999689 0.000000 0.000000 0.000000 0.000000 1.000000
0.999510 0.023446 -0.020734 0.000000 -0.023953 0.999411 -0.024592 10.002700 0.020145 0.025076 0.999483 0.000000 0.000000 0.000000 0.000000 1.000000
0.999036 0.019163 -0.039484 -0.000000 -0.020294 0.999390 -0.028436 10.002700 0.038915 0.029210 0.998815 -0.000000 0.000000 0.000000 0.000000 1.000000
0.998482 0.012378 -0.053670 0.000000 -0.014387 0.999204 -0.037199 10.002700 0.053166 0.037914 0.997866 0.000000 0.000000 0.000000 0.000000 1.000000
0.997886 0.002949 -0.064928 0.000000 -0.006092 0.998816 -0.048270 10.002700 0.064709 0.048564 0.996722 0.000000 0.000000 0.000000 0.000000 1.000000
0.997181 -0.005515 -0.074834 0.000000 0.001189 0.998332 -0.057722 10.002700 0.075027 0.057470 0.995524 -0.000000 0.000000 0.000000 0.000000 1.000000
0.996635 -0.005656 -0.081770 -0.000000 0.001064 0.998425 -0.056093 10.002700 0.081958 0.055817 0.995072 0.000000 0.000000 0.000000 0.000000 1.000000
0.996458 -0.000275 -0.084092 -0.000000 -0.003902 0.998766 -0.049501 10.002700 0.084002 0.049654 0.995228 0.000000 0.000000 0.000000 0.000000 1.000000
0.996339 0.004911 -0.085348 -0.000000 -0.008469 0.999108 -0.041379 10.002700 0.085068 0.041951 0.995492 0.000000 0.000000 0.000000 0.000000 1.000000
0.996600 0.002427 -0.082356 -0.000000 -0.005224 0.999416 -0.033757 10.002700 0.082226 0.034073 0.996031 0.000000 0.000000 0.000000 0.000000 1.000000
0.996973 0.000139 -0.077751 -0.000000 -0.002283 0.999619 -0.027496 10.002700 0.077718 0.027590 0.996594 0.000000 0.000000 0.000000 0.000000 1.000000
0.997452 -0.006916 -0.071000 0.000000 0.005023 0.999628 -0.026799 10.002700 0.071159 0.026374 0.997116 -0.000000 0.000000 0.000000 0.000000 1.000000
0.997806 -0.015463 -0.064372 0.000000 0.013525 0.999445 -0.030441 10.002700 0.064807 0.029503 0.997462 0.000000 0.000000 0.000000 0.000000 1.000000
0.998294 -0.017197 -0.055802 0.000000 0.015537 0.999428 -0.030043 10.002700 0.056287 0.029125 0.997990 0.000000 0.000000 0.000000 0.000000 1.000000
0.999100 -0.008746 -0.041497 0.000000 0.007555 0.999558 -0.028764 10.002700 0.041730 0.028424 0.998725 0.000000 0.000000 0.000000 0.000000 1.000000</float_array>
        <technique_common>
          <accessor source="#mixamorig_Spine1-Matrix-animation-output-transform-array" count="30" stride="16">
            <param type="float4x4"/>
          </accessor>
        </technique_common>
      </source>
      <source id="mixamorig_Spine1-Interpolations">
        <Name_array id="mixamorig_Spine1-Interpolations-array" count="30">
 LINEAR LINEAR LINEAR LINEAR LINEAR LINEAR LINEAR LINEAR LINEAR LINEAR LINEAR
LINEAR LINEAR LINEAR LINEAR LINEAR LINEAR LINEAR LINEAR LINEAR LINEAR LINEAR LINEAR
LINEAR LINEAR LINEAR LINEAR LINEAR LINEAR LINEAR</Name_array>
        <technique_common>
          <accessor source="#mixamorig_Spine1-Interpolations-array" count="30">
            <param type="name"/>
          </accessor>
        </technique_common>
      </source>
      <sampler id="mixamorig_Spine1-Matrix-animation-transform">
        <input semantic="INPUT" source="#mixamorig_Spine1-Matrix-animation-input"/>
        <input semantic="OUTPUT" source="#mixamorig_Spine1-Matrix-animation-output-transform"/>
        <input semantic="INTERPOLATION" source="#mixamorig_Spine1-Interpolations"/>
      </sampler>
      <channel source="#mixamorig_Spine1-Matrix-animation-transform" target="mixamorig_Spine1/matrix"/>
    </animation>
    <animation id="mixamorig_Spine2-anim" name="mixamorig_Spine2">
      <source id="mixamorig_Spine2-Matrix-animation-input">
        <float_array id="mixamorig_Spine2-Matrix-animation-input-array" count="30">

0.000000 0.033333 0.066667 0.100000 0.133333 0.166667 0.200000 0.233333 0.266667 0.300000 0.333333 0.366667 0.400000 0.433333 0.466667 0.500000
0.533333 0.566667 0.600000 0.633333 0.666667 0.700000 0.733333 0.766667 0.800000 0.833333 0.866667 0.900000 0.933333 0.966667</float_array>
        <technique_common>
          <accessor source="#mixamorig_Spine2-Matrix-animation-input-array" count="30">
            <param name="TIME" type="float"/>
          </accessor>
        </technique_common>
      </source>
      <source id="mixamorig_Spine2-Matrix-animation-output-transform">
        <float_array id="mixamorig_Spine2-Matrix-animation-output-transform-array" count="480">

0.999195 0.000483 -0.040110 0.000000 0.000533 0.999679 0.025331 9.322100 0.040109 -0.025332 0.998874 -0.000000 0.000000 0.000000 0.000000 1.000000
0.999754 0.007542 -0.020869 0.000000 -0.006905 0.999514 0.030404 9.322100 0.021088 -0.030253 0.999320 0.000000 0.000000 0.000000 0.000000 1.000000
0.999955 0.009485 0.000086 0.000000 -0.009483 0.999442 0.032025 9.322100 0.000218 -0.032024 0.999487 -0.000000 0.000000 0.000000 0.000000 1.000000
0.999733 0.015952 0.016693 -0.000000 -0.016504 0.999303 0.033494 9.322100 -0.016147 -0.033760 0.999300 0.000000 0.000000 0.000000 0.000000 1.000000
0.999304 0.020900 0.030901 0.000000 -0.021798 0.999341 0.029032 9.322100 -0.030274 -0.029685 0.999101 -0.000000 0.000000 0.000000 0.000000 1.000000
0.998849 0.026276 0.040140 -0.000000 -0.027123 0.999418 0.020708 9.322100 -0.039572 -0.021773 0.998979 0.000000 0.000000 0.000000 0.000000 1.000000
0.998388 0.031379 0.047294 0.000000 -0.031980 0.999416 0.012016 9.322100 -0.046889 -0.013509 0.998809 0.000000 0.000000 0.000000 0.000000 1.000000
0.998132 0.030476 0.052945 0.000000 -0.031241 0.999418 0.013689 9.322100 -0.052497 -0.015318 0.998504 0.000000 0.000000 0.000000 0.000000 1.000000
0.998201 0.026344 0.053854 0.000000 -0.027475 0.999415 0.020363 9.322100 -0.053286 -0.021806 0.998341 0.000000 0.000000 0.000000 0.000000 1.000000
0.998341 0.024760 0.051977 0.000000 -0.026137 0.999320 0.025998 9.322100 -0.051298 -0.027314 0.998310 0.000000 0.000000 0.000000 0.000000 1.000000
0.998475 0.029376 0.046750 0.000000 -0.030924 0.998986 0.032735 9.322100 -0.045741 -0.034130 0.998370 0.000000 0.000000 0.000000 0.000000 1.000000
0.998724 0.034489 0.036878 0.000000 -0.035729 0.998800 0.033506 9.322100 -0.035679 -0.034781 0.998758 -0.000000 0.000000 0.000000 0.000000 1.000000
0.998809 0.039450 0.028713 0.000000 -0.040306 0.998740 0.029885 9.322100 -0.027498 -0.031006 0.999141 0.000000 0.000000 0.000000 0.000000 1.000000
0.998907 0.040576 0.023206 0.000000 -0.041218 0.998761 0.027885 9.322100 -0.022046 -0.028811 0.999342 0.000000 0.000000 0.000000 0.000000 1.000000
0.999087 0.039901 0.015246 0.000000 -0.040300 0.998827 0.026850 9.322100 -0.014156 -0.027440 0.999523 0.000000 0.000000 0.000000 0.000000 1.000000
0.999330 0.036599 -0.000848 0.000000 -0.036561 0.998946 0.027743 9.322100 0.001863 -0.027694 0.999615 0.000000 0.000000 0.000000 0.000000 1.000000
0.999282 0.032312 -0.019804 -0.000000 -0.031743 0.999092 0.028427 9.322100 0.020705 -0.027778 0.999400 0.000000 0.000000 0.000000 0.000000 1.000000
0.998865 0.028398 -0.038246 0.000000 -0.027448 0.999307 0.025141 9.322100 0.038933 -0.024063 0.998952 0.000000 0.000000 0.000000 0.000000 1.000000
0.998368 0.022264 -0.052595 -0.000000 -0.021420 0.999633 0.016562 9.322100 0.052944 -0.015409 0.998479 0.000000 0.000000 0.000000 0.000000 1.000000
0.997837 0.013794 -0.064273 0.000000 -0.013493 0.999896 0.005108 9.322100 0.064337 -0.004229 0.997919 -0.000000 0.000000 0.000000 0.000000 1.000000
0.997196 0.006179 -0.074576 0.000000 -0.006553 0.999967 -0.004778 9.322100 0.074544 0.005253 0.997204 0.000000 0.000000 0.000000 0.000000 1.000000
0.996655 0.006117 -0.081490 0.000000 -0.006406 0.999974 -0.003275 9.322100 0.081468 0.003786 0.996669 -0.000000 0.000000 0.000000 0.000000 1.000000
0.996446 0.011272 -0.083477 0.000000 -0.010992 0.999932 0.003814 9.322100 0.083515 -0.002883 0.996502 0.000000 0.000000 0.000000 0.000000 1.000000
0.996303 0.016265 -0.084360 0.000000 -0.015264 0.999805 0.012492 9.322100 0.084547 -0.011159 0.996357 0.000000 0.000000 0.000000 0.000000 1.000000
0.996611 0.013278 -0.081175 -0.000000 -0.011642 0.999720 0.020603 9.322100 0.081426 -0.019588 0.996487 0.000000 0.000000 0.000000 0.000000 1.000000
0.997044 0.010501 -0.076117 0.000000 -0.008411 0.999580 0.027732 9.322100 0.076376 -0.027010 0.996713 0.000000 0.000000 0.000000 0.000000 1.000000
0.997595 0.003213 -0.069241 0.000000 -0.001223 0.999586 0.028757 9.322100 0.069305 -0.028603 0.997185 0.000000 0.000000 0.000000 0.000000 1.000000
0.998001 -0.005231 -0.062980 0.000000 0.006804 0.999670 0.024777 9.322100 0.062829 -0.025156 0.997707 0.000000 0.000000 0.000000 0.000000 1.000000
0.998484 -0.007498 -0.054536 0.000000 0.008849 0.999659 0.024587 9.322100 0.054333 -0.025032 0.998209 -0.000000 0.000000 0.000000 0.000000 1.000000
0.999195 0.000483 -0.040110 0.000000 0.000533 0.999679 0.025331 9.322100 0.040109 -0.025332 0.998874 0.000000 0.000000 0.000000 0.000000 1.000000</float_array>
        <technique_common>
          <accessor source="#mixamorig_Spine2-Matrix-animation-output-transform-array" count="30" stride="16">
            <param type="float4x4"/>
          </accessor>
        </technique_common>
      </source>
      <source id="mixamorig_Spine2-Interpolations">
        <Name_array id="mixamorig_Spine2-Interpolations-array" count="30">
 LINEAR LINEAR LINEAR LINEAR LINEAR LINEAR LINEAR LINEAR LINEAR LINEAR LINEAR
LINEAR LINEAR LINEAR LINEAR LINEAR LINEAR LINEAR LINEAR LINEAR LINEAR LINEAR LINEAR
LINEAR LINEAR LINEAR LINEAR LINEAR LINEAR LINEAR</Name_array>
        <technique_common>
          <accessor source="#mixamorig_Spine2-Interpolations-array" count="30">
            <param type="name"/>
          </accessor>
        </technique_common>
      </source>
      <sampler id="mixamorig_Spine2-Matrix-animation-transform">
        <input semantic="INPUT" source="#mixamorig_Spine2-Matrix-animation-input"/>
        <input semantic="OUTPUT" source="#mixamorig_Spine2-Matrix-animation-output-transform"/>
        <input semantic="INTERPOLATION" source="#mixamorig_Spine2-Interpolations"/>
      </sampler>
      <channel source="#mixamorig_Spine2-Matrix-animation-transform" target="mixamorig_Spine2/matrix"/>
    </animation>
    <animation id="mixamorig_Neck-anim" name="mixamorig_Neck">
      <source id="mixamorig_Neck-Matrix-animation-input">
        <float_array id="mixamorig_Neck-Matrix-animation-input-array" count="30">

0.000000 0.033333 0.066667 0.100000 0.133333 0.166667 0.200000 0.233333 0.266667 0.300000 0.333333 0.366667 0.400000 0.433333 0.466667 0.500000
0.533333 0.566667 0.600000 0.633333 0.666667 0.700000 0.733333 0.766667 0.800000 0.833333 0.866667 0.900000 0.933333 0.966667</float_array>
        <technique_common>
          <accessor source="#mixamorig_Neck-Matrix-animation-input-array" count="30">
            <param name="TIME" type="float"/>
          </accessor>
        </technique_common>
      </source>
      <source id="mixamorig_Neck-Matrix-animation-output-transform">
        <float_array id="mixamorig_Neck-Matrix-animation-output-transform-array" count="480">

0.999651 0.019483 -0.017857 0.000000 -0.018403 0.998104 0.058734 16.865299 0.018967 -0.058384 0.998114 0.000000 0.000000 0.000000 0.000000 1.000000
0.999657 0.015456 -0.021131 -0.000000 -0.014361 0.998594 0.051023 16.865299 0.021890 -0.050702 0.998474 0.000000 0.000000 0.000000 0.000000 1.000000
0.999580 0.021557 -0.019360 0.000000 -0.020475 0.998307 0.054443 16.865299 0.020501 -0.054023 0.998329 0.000000 0.000000 0.000000 0.000000 1.000000
0.999497 0.028039 -0.014837 0.000000 -0.027084 0.997767 0.061060 16.865299 0.016516 -0.060627 0.998024 -0.000000 0.000000 0.000000 0.000000 1.000000
0.999148 0.040638 -0.007133 0.000000 -0.040021 0.996610 0.071877 16.865299 0.010030 -0.071531 0.997388 0.000000 0.000000 0.000000 0.000000 1.000000
0.998739 0.050196 -0.001036 0.000000 -0.049935 0.995265 0.083394 16.865299 0.005217 -0.083237 0.996516 0.000000 0.000000 0.000000 0.000000 1.000000
0.998585 0.053175 0.001161 -0.000000 -0.053063 0.994505 0.090248 16.865299 0.003644 -0.090182 0.995919 0.000000 0.000000 0.000000 0.000000 1.000000
0.998641 0.052102 0.001432 0.000000 -0.052020 0.994615 0.089634 16.865299 0.003245 -0.089586 0.995974 0.000000 0.000000 0.000000 0.000000 1.000000
0.998876 0.047409 -0.000170 0.000000 -0.047229 0.995396 0.083402 16.865299 0.004124 -0.083300 0.996516 0.000000 0.000000 0.000000 0.000000 1.000000
0.999116 0.041971 -0.002311 0.000000 -0.041658 0.996021 0.078786 16.865299 0.005609 -0.078620 0.996889 0.000000 0.000000 0.000000 0.000000 1.000000
0.999164 0.040811 -0.002411 0.000000 -0.040498 0.996122 0.078107 16.865299 0.005589 -0.077944 0.996942 0.000000 0.000000 0.000000 0.000000 1.000000
0.998930 0.046231 0.001049 0.000000 -0.046160 0.995508 0.082663 16.865299 0.002778 -0.082623 0.996577 0.000000 0.000000 0.000000 0.000000 1.000000
0.998565 0.053312 0.005001 0.000000 -0.053545 0.994569 0.089253 16.865299 -0.000216 -0.089392 0.995996 0.000000 0.000000 0.000000 0.000000 1.000000
0.998302 0.057490 0.009356 0.000000 -0.058090 0.994461 0.087596 16.865299 -0.004268 -0.087991 0.996112 0.000000 0.000000 0.000000 0.000000 1.000000
0.998143 0.059446 0.013286 0.000000 -0.060347 0.994728 0.082918 16.865299 -0.008287 -0.083566 0.996468 0.000000 0.000000 0.000000 0.000000 1.000000
0.998211 0.057488 0.016407 0.000000 -0.058553 0.995520 0.074246 16.865299 -0.012065 -0.075073 0.997105 0.000000 0.000000 0.000000 0.000000 1.000000
0.998424 0.053075 0.018250 0.000000 -0.054165 0.996377 0.065574 16.865299 -0.014704 -0.066459 0.997681 0.000000 0.000000 0.000000 0.000000 1.000000
0.998900 0.044344 0.015253 0.000000 -0.045246 0.996856 0.065043 16.865299 -0.012320 -0.065662 0.997766 0.000000 0.000000 0.000000 0.000000 1.000000
0.999237 0.037386 0.011294 0.000000 -0.038109 0.996641 0.072490 16.865299 -0.008546 -0.072865 0.997305 0.000000 0.000000 0.000000 0.000000 1.000000
0.999422 0.033072 0.007917 0.000000 -0.033627 0.995791 0.085260 16.865299 -0.005064 -0.085477 0.996327 0.000000 0.000000 0.000000 0.000000 1.000000
0.999544 0.029811 0.004791 0.000000 -0.030134 0.994856 0.096715 16.865299 -0.001883 -0.096815 0.995301 -0.000000 0.000000 0.000000 0.000000 1.000000
0.999581 0.028802 0.002709 0.000000 -0.028929 0.994922 0.096402 16.865299 0.000081 -0.096440 0.995339 0.000000 0.000000 0.000000 0.000000 1.000000
0.999545 0.030057 0.002467 0.000000 -0.030158 0.995782 0.086651 16.865299 0.000148 -0.086686 0.996236 0.000000 0.000000 0.000000 0.000000 1.000000
0.999470 0.032297 0.004002 0.000000 -0.032511 0.996371 0.078668 16.865299 -0.001447 -0.078757 0.996893 0.000000 0.000000 0.000000 0.000000 1.000000
0.999305 0.036878 0.005485 0.000000 -0.037193 0.996294 0.077561 16.865299 -0.002604 -0.077711 0.996972 0.000000 0.000000 0.000000 0.000000 1.000000
0.999280 0.037572 0.005275 -0.000000 -0.037861 0.996485 0.074723 16.865299 -0.002449 -0.074869 0.997190 0.000000 0.000000 0.000000 0.000000 1.000000
0.999305 0.037125 0.003325 0.000000 -0.037271 0.996399 0.076163 16.865299 -0.000485 -0.076234 0.997090 0.000000 0.000000 0.000000 0.000000 1.000000
0.999437 0.033521 -0.001103 0.000000 -0.033345 0.996660 0.074542 16.865299 0.003598 -0.074463 0.997217 0.000000 0.000000 0.000000 0.000000 1.000000
0.999485 0.031155 -0.007670 0.000000 -0.030545 0.997094 0.069791 16.865299 0.009822 -0.069521 0.997532 0.000000 0.000000 0.000000 0.000000 1.000000
0.999651 0.019483 -0.017857 -0.000000 -0.018403 0.998104 0.058734 16.865299 0.018967 -0.058384 0.998114 0.000000 0.000000 0.000000 0.000000 1.000000</float_array>
        <technique_common>
          <accessor source="#mixamorig_Neck-Matrix-animation-output-transform-array" count="30" stride="16">
            <param type="float4x4"/>
          </accessor>
        </technique_common>
      </source>
      <source id="mixamorig_Neck-Interpolations">
        <Name_array id="mixamorig_Neck-Interpolations-array" count="30">
 LINEAR LINEAR LINEAR LINEAR LINEAR LINEAR LINEAR LINEAR LINEAR LINEAR LINEAR
LINEAR LINEAR LINEAR LINEAR LINEAR LINEAR LINEAR LINEAR LINEAR LINEAR LINEAR LINEAR
LINEAR LINEAR LINEAR LINEAR LINEAR LINEAR LINEAR</Name_array>
        <technique_common>
          <accessor source="#mixamorig_Neck-Interpolations-array" count="30">
            <param type="name"/>
          </accessor>
        </technique_common>
      </source>
      <sampler id="mixamorig_Neck-Matrix-animation-transform">
        <input semantic="INPUT" source="#mixamorig_Neck-Matrix-animation-input"/>
        <input semantic="OUTPUT" source="#mixamorig_Neck-Matrix-animation-output-transform"/>
        <input semantic="INTERPOLATION" source="#mixamorig_Neck-Interpolations"/>
      </sampler>
      <channel source="#mixamorig_Neck-Matrix-animation-transform" target="mixamorig_Neck/matrix"/>
    </animation>
    <animation id="mixamorig_Head-anim" name="mixamorig_Head">
      <source id="mixamorig_Head-Matrix-animation-input">
        <float_array id="mixamorig_Head-Matrix-animation-input-array" count="30">

0.000000 0.033333 0.066667 0.100000 0.133333 0.166667 0.200000 0.233333 0.266667 0.300000 0.333333 0.366667 0.400000 0.433333 0.466667 0.500000
0.533333 0.566667 0.600000 0.633333 0.666667 0.700000 0.733333 0.766667 0.800000 0.833333 0.866667 0.900000 0.933333 0.966667</float_array>
        <technique_common>
          <accessor source="#mixamorig_Head-Matrix-animation-input-array" count="30">
            <param name="TIME" type="float"/>
          </accessor>
        </technique_common>
      </source>
      <source id="mixamorig_Head-Matrix-animation-output-transform">
        <float_array id="mixamorig_Head-Matrix-animation-output-transform-array" count="480">

0.997739 0.002777 -0.067157 -0.000000 -0.001183 0.999717 0.023770 9.341900 0.067204 -0.023637 0.997459 2.841000 0.000000 0.000000 0.000000 1.000000
0.997133 -0.005571 -0.075461 0.000000 0.006114 0.999957 0.006969 9.341900 0.075418 -0.007410 0.997124 2.841000 0.000000 0.000000 0.000000 1.000000
0.996778 -0.007062 -0.079899 -0.000000 0.006882 0.999973 -0.002535 9.341900 0.079914 0.001977 0.996800 2.841000 0.000000 0.000000 0.000000 1.000000
0.997361 -0.005014 -0.072423 -0.000000 0.004715 0.999980 -0.004303 9.341900 0.072443 0.003951 0.997365 2.841000 0.000000 0.000000 0.000000 1.000000
0.997983 -0.000067 -0.063474 -0.000000 0.000035 1.000000 -0.000508 9.341900 0.063474 0.000505 0.997983 2.841000 0.000000 0.000000 0.000000 1.000000
0.998450 0.005754 -0.055360 0.000000 -0.005298 0.999951 0.008386 9.341900 0.055406 -0.008080 0.998431 2.841000 0.000000 0.000000 0.000000 1.000000
0.998653 0.014820 -0.049728 0.000000 -0.013892 0.999724 0.018958 9.341900 0.049995 -0.018242 0.998583 2.841000 0.000000 0.000000 0.000000 1.000000
0.998745 0.024453 -0.043710 -0.000000 -0.023750 0.999581 0.016539 9.341900 0.044096 -0.015480 0.998907 2.841000 0.000000 0.000000 0.000000 1.000000
0.998765 0.030890 -0.038919 0.000000 -0.030729 0.999517 0.004739 9.341900 0.039046 -0.003537 0.999231 2.841000 0.000000 0.000000 0.000000 1.000000
0.998939 0.027093 -0.037238 -0.000000 -0.027458 0.999579 -0.009321 9.341900 0.036970 0.010334 0.999263 2.841000 0.000000 0.000000 0.000000 1.000000
0.999106 0.021658 -0.036305 0.000000 -0.022126 0.999676 -0.012547 9.341900 0.036022 0.013339 0.999262 2.841000 0.000000 0.000000 0.000000 1.000000
0.999299 0.015246 -0.034199 -0.000000 -0.015261 0.999884 -0.000201 9.341900 0.034192 0.000723 0.999415 2.841000 0.000000 0.000000 0.000000 1.000000
0.999393 0.008509 -0.033772 0.000000 -0.007991 0.999849 0.015445 9.341900 0.033898 -0.015166 0.999310 2.841000 0.000000 0.000000 0.000000 1.000000
0.999668 0.011414 -0.023107 -0.000000 -0.010805 0.999595 0.026310 9.341900 0.023398 -0.026052 0.999387 2.841000 0.000000 0.000000 0.000000 1.000000
0.999840 0.015619 -0.008701 -0.000000 -0.015324 0.999339 0.032959 9.341900 0.009210 -0.032821 0.999419 2.841000 0.000000 0.000000 0.000000 1.000000
0.999766 0.018753 0.010736 0.000000 -0.019079 0.999334 0.031106 9.341900 -0.010146 -0.031303 0.999458 2.841000 0.000000 0.000000 0.000000 1.000000
0.999347 0.020916 0.029463 0.000000 -0.021693 0.999419 0.026301 9.341900 -0.028896 -0.026923 0.999220 2.841000 0.000000 0.000000 0.000000 1.000000
0.999236 0.017957 0.034712 0.000000 -0.018792 0.999539 0.023867 9.341900 -0.034267 -0.024501 0.999112 2.841000 0.000000 0.000000 0.000000 1.000000
0.999407 0.013621 0.031631 0.000000 -0.014472 0.999535 0.026829 9.341900 -0.031250 -0.027271 0.999139 2.841000 0.000000 0.000000 0.000000 1.000000
0.999595 0.011417 0.026069 0.000000 -0.012337 0.999297 0.035403 9.341900 -0.025647 -0.035710 0.999033 2.841000 0.000000 0.000000 0.000000 1.000000
0.999763 0.009385 0.019655 0.000000 -0.010222 0.999027 0.042912 9.341900 -0.019233 -0.043103 0.998886 2.841000 0.000000 0.000000 0.000000 1.000000
0.999917 0.005571 0.011591 -0.000000 -0.006025 0.999200 0.039532 9.341900 -0.011361 -0.039599 0.999151 2.841000 0.000000 0.000000 0.000000 1.000000
0.999978 0.002548 0.006195 0.000000 -0.002729 0.999563 0.029420 9.341900 -0.006117 -0.029436 0.999548 2.841000 0.000000 0.000000 0.000000 1.000000
0.999973 0.000444 0.007356 -0.000000 -0.000540 0.999913 0.013171 9.341900 -0.007349 -0.013175 0.999886 2.841000 0.000000 0.000000 0.000000 1.000000
0.999971 0.005235 0.005541 0.000000 -0.005228 0.999986 -0.001285 9.341900 -0.005547 0.001256 0.999984 2.841000 0.000000 0.000000 0.000000 1.000000
0.999857 0.016032 0.005425 0.000000 -0.016043 0.999869 0.001966 9.341900 -0.005393 -0.002053 0.999983 2.841000 0.000000 0.000000 0.000000 1.000000
0.999717 0.023794 -0.000725 0.000000 -0.023783 0.999642 0.012252 9.341900 0.001017 -0.012231 0.999925 2.841000 0.000000 0.000000 0.000000 1.000000
0.999628 0.023780 -0.013356 -0.000000 -0.023519 0.999536 0.019370 9.341900 0.013810 -0.019048 0.999723 2.841000 0.000000 0.000000 0.000000 1.000000
0.999041 0.013527 -0.041647 0.000000 -0.012585 0.999661 0.022803 9.341900 0.041941 -0.022257 0.998872 2.841000 0.000000 0.000000 0.000000 1.000000
0.997739 0.002777 -0.067157 0.000000 -0.001183 0.999717 0.023770 9.341900 0.067204 -0.023637 0.997459 2.841000 0.000000 0.000000 0.000000 1.000000</float_array>
        <technique_common>
          <accessor source="#mixamorig_Head-Matrix-animation-output-transform-array" count="30" stride="16">
            <param type="float4x4"/>
          </accessor>
        </technique_common>
      </source>
      <source id="mixamorig_Head-Interpolations">
        <Name_array id="mixamorig_Head-Interpolations-array" count="30">
 LINEAR LINEAR LINEAR LINEAR LINEAR LINEAR LINEAR LINEAR LINEAR LINEAR LINEAR
LINEAR LINEAR LINEAR LINEAR LINEAR LINEAR LINEAR LINEAR LINEAR LINEAR LINEAR LINEAR
LINEAR LINEAR LINEAR LINEAR LINEAR LINEAR LINEAR</Name_array>
        <technique_common>
          <accessor source="#mixamorig_Head-Interpolations-array" count="30">
            <param type="name"/>
          </accessor>
        </technique_common>
      </source>
      <sampler id="mixamorig_Head-Matrix-animation-transform">
        <input semantic="INPUT" source="#mixamorig_Head-Matrix-animation-input"/>
        <input semantic="OUTPUT" source="#mixamorig_Head-Matrix-animation-output-transform"/>
        <input semantic="INTERPOLATION" source="#mixamorig_Head-Interpolations"/>
      </sampler>
